0.340849586347
0.460274975319
0.511549780963
0.0158483635521
0.662216405319
0.978781772654
0.106011404681
0.86259676199
0.0428623724963
0.596417725529
0.587448679141
0.0752753069253
0.353248471372
0.0924080661479
0.929321722237
0.428253178941
0.163668573494
0.827004437628
0.824924363895
0.673096734704
0.121901070651
0.570853521503
0.94608979194
0.442848374928
0.178690870859
0.760841712545
0.709026590203
0.86505242436
0.33898713609
0.144431967943
0.432268825455
0.583942447533
0.713197312705
0.00620261069782
0.533429222283
0.0940554909266
0.693389064974
0.952903167039
0.817798441729
0.0196054258466
0.979192529535
0.832648093677
0.119072695138
0.809352087431
0.351935196711
0.0913208420283
0.625652345338
0.90991359132
0.391696106826
0.869348122539
0.977896271276
0.317850796927
0.0555466228654
0.701282102174
0.642653204516
0.118687583656
0.216541322136
0.239345603141
0.52304349562
0.993296770971
0.354221720479
0.760141752789
0.906160052733
0.0465074190633
0.389001361537
0.796983778295
0.783915515977
0.662645537042
0.188657646579
0.77380236029
0.858887223835
0.544144604276
0.926863993815
0.323644326853
0.95412235682
0.473441691322
0.623083968208
0.0853370666812
0.029593033244
0.425138099543
0.952956553622
0.880671098156
0.784828577059
0.343626149964
0.938776333794
0.451037136471
0.115527125304
0.371451545617
0.946006681904
0.178384656
0.852142063255
0.663168392411
0.700507903783
0.997390443994
0.392537250312
0.272723481743
0.405971365735
0.833827400951
0.52646245922
