0.996117364342
0.853631712709
0.296794521048
0.777956214301
0.486023928112
0.975898222298
0.697072722496
0.14054323304
0.977236384757
0.151145674902
0.393635574218
0.434134554442
0.0333241598818
0.695841848259
0.712974596223
0.278205566327
0.351917300039
0.458135257036
0.302857392821
0.590324093994
0.264658332968
0.570711971846
0.543664426689
0.507237447078
0.345613798067
0.99746314662
0.560301489555
0.39166964942
0.732792744236
0.237037381259
0.126898723684
0.417484223847
0.496048173633
0.618887096096
0.26788141639
0.942122936367
0.647401469436
0.55021662105
0.482698820454
0.572393411288
0.436096948547
0.709644162619
0.652395548103
0.00572101885764
0.176993005575
0.422751287313
0.932445092088
0.527799321431
0.972657857826
0.462012308293
0.995791289298
0.964034629578
0.355087283578
0.250392093663
0.825346705479
0.0422907598096
0.749360736689
0.174953660142
0.554518992983
0.824698990444
0.532994853747
0.215998537346
0.675959814571
0.396659232785
0.0338502476408
0.357174028281
0.269643183202
0.110395117031
0.604801133374
0.954582601994
0.267303240178
0.164451763042
0.418368658487
0.976734754428
0.73415250109
0.375610970073
0.208852825758
0.477146291519
0.931268997547
0.616349889953
0.538026762571
0.269865115589
0.839252536911
0.0075922759916
0.450635236298
0.700908692027
0.724015007085
0.970614347642
0.583485534384
0.0718404783798
0.450126741257
0.744788803585
0.646961610493
0.627105518922
0.0241415094621
0.479094730239
0.0595728676194
0.149842177101
0.50252432286
