0.357215664928
0.168887902017
0.859711692835
0.470449791301
0.253279869033
0.096317056387
0.222322122478
0.763509758037
0.350878171767
0.470158893111
0.324823319702
0.846051225719
0.874912563741
0.185178704202
0.778022410864
0.842008659263
0.927359566046
0.382887490327
0.451073028305
0.780553393314
0.414685254246
0.486993223102
0.648703868764
0.074852846219
0.430298976608
0.24703769814
0.120572287089
0.025686942032
0.433253559244
0.711745053526
0.89524590619
0.634576577833
0.673822091937
0.709233225462
0.847316959875
0.102047605648
0.434906017772
0.302071919439
0.364145526494
0.13895811839
0.299012071774
0.224654313988
0.787642651257
0.81095842718
0.493031608715
0.138627196616
0.523689505691
0.0277863085186
0.924399417776
0.974944179929
0.587900121439
0.263844676962
0.287703987965
0.507519528674
0.802061698727
0.140947600427
0.991667198449
0.935219615049
0.38519260831
0.100011680155
0.102668268936
0.0693899845377
0.595086207113
0.0470107044277
0.0322715228547
0.625386401233
0.760214102648
0.371684023388
0.953298047554
0.0850576675797
0.0766567046592
0.683563644312
0.247677401726
0.454033273068
0.446347423084
0.635187404876
0.0130647036586
0.16919485494
0.365462209405
0.677502004787
0.331571595486
0.210287209923
0.748257458055
0.543876098724
0.75347400757
0.710400316343
0.670480791106
0.368052153272
0.89952891467
0.577269563288
0.409684208584
0.0269876871435
0.128094500221
0.808570615363
0.0106391319711
0.383561872626
0.0444007016692
0.960809347287
0.350530910419
