688
61	125
789	399	148
671	986	461	334
837	759	162	688	937
139	146	325	974	237	591
806	897	460	101	709	547	914
136	745	254	597	416	956	508	368
911	812	480	345	682	793	817	943	412
486	435	985	449	946	367	675	577	132	218
276	19	406	656	338	898	173	983	767	385	358
918	909	333	813	345	962	303	660	244	464	640	929
638	893	688	926	780	727	185	722	137	587	210	597	276
140	619	114	937	923	315	685	620	173	647	293	998	731	110
812	539	75	918	672	199	665	192	926	415	564	453	921	625	940
881	72	455	443	601	63	924	519	506	443	593	534	221	983	346	623
236	459	59	160	107	171	457	488	41	53	172	374	143	105	333	666	507
373	420	773	972	866	100	769	1000	320	645	174	89	57	525	439	591	912	436
593	467	921	929	945	120	598	413	396	753	936	74	417	95	703	221	372	66	134
234	525	519	905	5	517	959	220	716	339	14	34	596	555	332	398	895	191	723	129
486	960	47	870	588	734	341	972	585	608	808	280	803	129	95	410	365	790	259	951	510
617	224	441	908	668	543	48	876	135	118	733	671	994	990	1	785	213	652	202	963	418	30
327	801	150	883	430	905	883	452	566	358	476	198	612	192	689	367	649	620	33	553	596	78	505
649	37	840	342	675	899	578	887	838	493	375	975	967	646	422	424	979	704	942	132	517	763	622	307
529	902	417	377	274	790	200	966	11	596	66	528	188	502	400	904	522	435	999	502	186	252	458	269	463
269	602	90	670	485	697	903	183	138	648	987	337	59	137	478	293	741	996	263	801	556	897	106	383	288	31
74	702	601	384	691	286	316	8	109	95	174	64	831	946	191	870	150	491	884	529	445	215	764	413	615	775	556
241	345	752	183	605	382	586	487	790	82	549	245	647	975	331	269	289	695	845	177	845	382	849	952	603	860	901	628
880	945	698	517	425	968	280	344	346	207	161	977	399	558	251	955	828	975	345	731	148	297	850	18	594	495	262	255	956
733	84	108	471	383	311	652	40	257	777	676	219	813	564	185	346	915	369	965	348	849	884	422	69	760	446	481	183	660	348
307	740	876	618	201	424	440	8	782	830	358	983	833	659	965	77	776	926	890	730	248	152	679	582	200	992	450	90	841	604	358
446	335	850	823	727	615	116	406	615	117	221	632	575	536	938	508	874	723	224	732	213	441	365	910	117	941	694	147	988	788	101	367
184	477	786	920	499	957	851	526	272	863	342	955	805	115	494	454	438	422	360	920	276	776	421	663	489	752	933	429	75	774	697	723	990
177	356	972	68	127	956	367	473	5	152	454	343	556	852	10	912	361	470	792	581	675	71	970	202	890	267	777	729	147	744	153	732	31	642
451	210	474	979	561	364	8	421	532	683	303	94	178	178	279	209	182	294	235	518	520	63	274	922	648	6	521	257	822	879	300	716	583	858	37
363	670	401	186	751	32	949	835	460	678	461	143	111	686	832	296	851	563	14	461	930	63	874	848	378	249	737	401	742	174	353	43	104	923	808	702
986	464	726	375	330	865	52	25	412	753	818	110	943	278	656	617	986	67	822	612	355	430	721	700	963	775	417	254	953	829	616	855	711	86	274	690	467
543	372	715	668	189	632	238	889	901	577	56	448	978	452	894	511	820	93	295	50	835	243	558	32	692	919	339	256	379	454	462	116	892	423	644	778	929	472
454	929	210	587	182	260	690	866	407	369	20	864	391	877	553	269	541	478	367	133	220	690	701	429	957	689	995	615	837	482	632	666	288	196	819	292	979	734	564
108	368	702	20	963	402	531	368	933	470	661	156	840	180	492	457	572	362	330	728	839	424	479	263	187	366	25	651	895	291	617	47	718	281	709	978	973	321	110	979
693	69	594	60	37	8	6	423	420	782	277	936	667	122	60	590	32	887	815	252	668	86	608	578	533	78	377	344	682	412	167	873	158	95	198	503	346	605	514	221	925
899	505	354	402	630	296	279	100	903	954	353	360	386	118	25	550	831	354	244	59	149	150	21	210	561	639	414	537	828	639	191	49	978	418	564	342	845	284	192	608	384	626
408	46	16	309	951	460	86	55	853	909	454	674	500	64	468	970	285	805	189	425	303	708	588	723	664	763	532	63	407	85	838	808	617	317	902	715	419	28	412	309	70	464	879
264	293	169	863	815	820	951	886	830	436	899	242	204	60	745	335	698	728	606	209	524	149	702	307	309	244	207	236	315	425	42	279	626	702	50	121	994	359	594	468	884	896	481	373
174	477	794	324	929	250	672	614	535	939	221	210	196	84	251	737	805	738	60	989	876	946	79	821	111	358	546	105	887	925	619	26	248	838	170	200	447	478	614	579	141	534	398	969	34
200	183	986	624	892	832	659	353	904	454	642	683	550	564	776	988	665	834	361	633	465	747	467	901	733	119	206	842	522	129	100	675	768	301	376	270	733	872	718	148	447	841	39	912	600	689
276	984	542	296	206	856	344	724	391	188	187	146	46	980	948	486	573	773	357	563	218	813	631	59	95	533	866	156	514	763	940	894	774	473	355	112	855	180	66	936	225	351	924	886	653	447	697
445	117	64	465	590	430	530	590	272	334	815	231	229	338	485	305	722	430	368	760	27	629	698	658	759	724	781	993	830	136	107	478	19	878	552	114	678	641	853	137	631	393	312	462	830	796	509	456
746	396	800	921	724	661	302	153	819	739	594	247	532	81	926	906	940	344	184	932	586	714	968	28	614	720	279	450	334	903	484	445	978	782	804	124	452	233	654	263	448	784	770	619	990	827	754	660	521
701	426	347	190	363	441	329	430	615	73	686	501	159	278	441	866	967	793	405	68	266	486	590	263	268	681	535	452	369	950	991	389	279	58	858	875	262	727	302	242	315	704	905	896	365	713	204	388	633	936
744	330	574	478	120	863	884	451	769	173	399	511	867	724	952	555	347	824	708	114	176	564	339	870	332	433	676	100	828	856	53	330	305	337	388	151	991	71	112	594	909	897	163	452	422	115	285	615	711	816	421
541	448	101	63	504	162	544	81	933	718	297	129	825	694	58	394	131	879	837	62	525	715	766	73	927	332	878	957	723	628	895	124	874	814	494	70	846	137	501	71	713	958	652	153	499	515	134	396	386	9	337	911
649	145	824	627	447	76	357	616	818	694	629	992	823	888	6	889	184	532	597	327	557	990	41	276	892	773	948	803	56	151	901	136	601	114	199	784	156	928	216	560	338	853	651	304	986	106	83	51	596	920	559	8	909
310	863	447	993	938	257	998	326	958	74	647	368	386	240	291	515	885	118	996	113	547	634	10	932	665	689	127	933	292	114	53	797	744	653	124	845	415	884	33	89	446	463	8	679	749	462	926	767	540	869	286	380	11	479
949	973	576	213	409	432	689	311	420	439	64	759	335	666	585	195	468	564	544	314	41	734	191	731	444	844	600	679	485	733	729	90	463	715	51	558	572	396	860	452	400	428	174	740	442	890	714	158	402	916	18	627	793	936	745
150	609	474	426	802	746	222	823	145	670	469	281	809	114	459	22	817	442	775	96	669	52	183	881	986	453	604	724	549	917	149	705	210	263	963	367	211	150	825	235	730	48	149	483	943	737	146	657	888	606	60	114	836	114	536	471
691	571	278	653	614	311	41	603	104	90	42	750	418	213	150	754	496	115	60	899	402	45	552	912	592	640	429	595	510	392	132	112	21	769	312	981	686	835	419	131	508	828	675	930	884	498	844	59	316	248	172	168	625	12	191	673	17
925	378	961	869	293	46	82	111	112	2	767	647	502	930	590	492	227	122	547	227	507	462	417	727	908	328	275	103	375	908	560	901	389	625	930	906	571	282	365	559	135	961	993	620	568	389	442	314	902	153	87	55	426	345	68	55	314	440
408	1000	524	852	153	400	30	520	406	12	361	616	321	511	865	876	953	485	764	833	237	52	680	54	321	899	558	207	791	773	333	912	941	341	929	546	802	981	547	6	833	188	561	552	992	224	344	698	158	270	924	784	806	872	867	203	373	603	775
852	37	438	677	433	578	848	795	832	251	465	406	83	662	651	303	769	704	219	5	771	611	813	396	132	151	53	608	533	850	571	580	434	849	499	413	973	626	454	979	108	102	444	751	378	57	609	100	429	665	949	581	143	500	921	808	561	161	783	941
187	490	206	653	516	212	491	570	538	758	128	27	233	636	71	424	468	898	605	186	717	187	269	784	160	969	479	675	126	915	393	151	258	850	932	675	128	179	799	433	791	281	391	63	2	433	592	422	30	366	450	816	178	454	744	826	931	919	449	990	224
495	700	891	71	139	885	564	579	659	942	455	609	235	326	899	930	975	554	876	867	52	535	374	435	738	836	317	782	746	803	706	563	252	962	1	529	809	657	860	813	997	255	371	721	174	915	383	541	342	323	48	793	526	813	242	976	577	121	952	903	80	387
687	277	847	101	274	450	531	161	676	485	513	150	736	668	819	548	993	658	881	985	279	81	64	942	326	156	856	307	46	858	787	486	89	622	260	735	30	848	897	55	92	960	162	499	660	959	62	148	687	938	978	211	121	554	586	66	196	782	668	858	970	30	637
710	987	809	271	903	77	539	279	786	931	661	372	490	712	459	129	670	798	450	771	73	148	725	354	836	84	61	591	565	487	676	378	321	67	20	844	803	846	281	819	152	187	868	790	419	710	714	140	36	618	179	720	999	767	398	873	635	387	188	740	692	774	346	856
691	244	566	380	365	673	341	942	674	997	599	518	393	381	7	512	869	52	749	408	757	672	516	898	697	920	201	939	514	878	545	153	151	669	488	102	628	800	152	829	790	434	764	666	884	440	40	45	69	378	324	784	43	462	510	680	10	511	813	82	688	871	196	387	918
8	973	16	882	339	667	388	628	768	684	688	414	613	896	913	60	285	715	334	797	381	241	117	35	658	287	697	530	474	472	989	622	562	267	134	569	105	370	381	993	583	275	554	786	538	771	297	966	136	249	614	929	605	753	572	317	440	173	486	559	568	947	587	971	825	954
482	308	67	276	884	312	859	82	468	423	731	644	778	325	130	143	909	1000	162	919	317	14	877	183	907	880	715	626	389	290	177	597	839	349	791	992	203	823	667	275	101	169	487	811	331	738	955	69	660	463	131	359	925	588	434	587	946	566	405	398	122	1	604	43	357	1	628
197	877	377	463	884	735	960	729	718	340	687	571	458	978	640	148	194	311	223	141	975	222	730	755	466	871	369	979	59	158	347	653	512	361	965	556	853	698	353	773	207	856	284	97	590	583	479	118	264	899	121	886	540	992	162	844	171	598	432	931	133	754	55	256	936	946	586	514
83	237	851	370	709	644	114	466	425	570	643	63	8	988	41	95	297	1000	622	123	643	769	506	989	323	670	393	954	16	888	511	949	451	33	692	117	50	317	85	903	330	570	179	825	898	258	982	180	359	554	535	799	233	90	337	746	507	107	543	301	759	107	626	499	852	730	805	191	261
87	313	325	565	799	894	601	903	329	173	840	402	191	87	517	325	794	729	394	996	204	972	242	952	90	385	328	439	250	350	676	385	199	826	577	525	945	225	363	482	723	789	921	470	802	59	12	765	779	896	96	661	643	768	184	161	243	685	600	748	598	426	753	10	651	207	974	141	75	122
659	679	577	84	38	704	681	658	381	719	959	660	734	987	379	116	270	121	50	388	630	981	642	451	49	394	358	597	973	179	725	351	82	596	798	343	895	757	747	519	838	655	753	451	51	880	362	999	361	144	960	310	772	778	513	397	913	771	968	463	642	326	585	423	686	83	312	399	550	64	714
347	739	613	782	950	345	979	624	960	356	201	11	608	481	681	825	468	133	75	34	963	439	178	584	851	205	859	205	276	465	266	491	368	726	164	57	271	986	51	630	580	496	301	160	905	277	355	647	745	757	954	734	666	385	941	838	13	63	457	361	427	555	651	627	390	472	537	383	463	106	371	916
860	475	910	552	270	565	747	800	456	218	14	389	120	89	535	352	372	576	757	312	554	748	659	655	179	779	974	170	507	623	193	425	118	648	448	291	845	888	499	765	457	629	407	4	60	236	282	71	138	158	401	153	497	953	695	237	343	79	112	843	891	388	138	517	342	586	192	647	23	369	556	209	644
525	332	224	695	558	688	741	25	878	878	384	317	366	722	727	196	776	165	274	454	751	187	133	124	272	149	618	855	789	528	246	793	446	789	941	432	609	999	462	401	48	654	473	736	682	300	172	959	732	867	945	55	193	489	621	888	399	981	791	732	5	385	410	999	822	869	580	973	113	608	877	241	301	897
979	567	408	310	431	96	695	489	62	997	662	5	786	411	172	162	258	218	216	834	138	509	21	125	651	455	608	115	812	118	324	446	332	428	832	1000	286	676	564	718	720	238	366	464	339	1	302	505	94	790	740	159	441	265	680	164	902	171	461	158	44	365	780	370	77	719	779	186	548	645	204	915	526	24	698
20	686	358	372	567	646	45	328	206	723	884	588	531	620	901	799	576	483	331	400	650	108	920	408	789	170	776	628	496	270	911	894	973	611	328	703	185	481	955	325	374	119	669	627	792	439	44	51	335	901	279	379	217	799	539	434	724	465	271	576	365	298	685	566	701	267	649	701	4	12	90	415	861	887	540	44
881	324	494	131	90	127	41	162	912	528	70	352	7	921	694	318	159	502	51	602	718	927	211	558	151	3	582	468	27	57	796	839	634	454	182	406	880	316	499	976	685	399	558	523	425	397	2	622	193	182	829	738	895	763	627	579	505	74	869	827	221	697	227	983	770	588	757	381	908	478	474	157	595	816	551	622	63
642	476	304	776	899	168	343	467	944	453	83	49	640	532	291	52	129	942	649	165	545	127	110	983	310	50	403	692	616	774	287	692	611	723	532	388	906	586	995	889	183	191	215	800	517	825	213	409	739	985	902	964	989	888	507	300	226	216	48	264	388	814	111	536	108	689	639	193	333	144	466	999	701	220	444	545	233	634
997	310	923	107	994	52	540	225	579	731	360	421	206	688	518	540	655	993	465	265	655	71	884	262	715	101	954	265	314	614	770	435	104	659	628	933	208	116	972	821	74	576	136	956	414	75	967	484	571	960	288	680	905	591	729	95	150	67	725	693	368	80	442	571	628	638	381	618	967	42	400	495	29	591	946	592	503	203	991
450	579	612	127	10	712	534	579	133	681	148	578	156	897	415	161	136	147	90	67	510	98	629	272	565	459	483	432	288	744	636	810	236	480	329	714	58	553	519	703	577	266	249	755	723	977	129	928	298	507	338	250	852	269	361	217	75	9	967	697	366	539	783	486	329	354	7	299	602	353	546	78	709	741	244	949	85	230	886	480
293	447	203	910	351	821	182	720	346	338	688	917	643	63	331	462	580	748	913	366	8	808	180	926	234	892	909	164	848	595	321	46	265	520	417	562	634	833	448	340	262	183	172	295	942	583	679	492	272	156	6	756	196	516	861	403	763	556	454	566	808	135	899	443	12	606	666	935	81	109	20	753	208	589	411	209	668	449	585	370	110
877	821	443	244	260	839	646	324	470	472	667	488	885	303	833	375	425	339	369	448	189	155	56	379	585	615	415	414	718	295	879	250	75	756	871	970	633	493	452	823	313	790	314	430	357	263	601	88	574	58	685	482	222	155	831	797	329	868	266	880	917	585	465	648	62	187	670	678	726	629	556	724	125	318	682	653	689	979	429	313	46	176
429	932	964	926	511	220	880	413	746	471	804	549	134	324	265	806	308	838	625	935	268	323	376	21	380	604	211	618	807	222	364	729	460	495	417	35	543	369	700	525	959	397	589	547	813	254	924	436	505	785	57	663	228	970	87	549	328	837	83	729	21	267	358	673	304	145	196	565	58	87	980	760	324	910	629	537	960	609	254	273	608	347	835
302	580	270	537	482	179	870	131	367	833	624	953	787	799	619	621	253	87	707	697	747	482	245	622	885	283	488	273	760	559	972	310	121	441	287	420	997	573	21	379	984	748	569	82	109	575	780	220	321	458	367	832	906	900	505	617	322	494	886	51	365	916	150	484	583	953	697	538	760	867	698	235	373	340	588	9	192	271	680	394	886	714	87	194
452	852	565	204	216	825	511	805	523	22	881	811	968	210	67	845	429	23	638	430	774	514	101	497	292	992	118	224	257	616	511	372	967	10	417	18	217	667	804	906	94	303	67	64	263	589	187	534	572	560	999	520	73	408	715	141	72	392	316	15	916	764	761	448	181	125	276	327	819	774	231	348	300	39	844	105	803	368	911	348	343	336	444	836	131
558	778	210	956	304	232	249	372	629	514	322	397	76	163	278	760	692	299	157	560	233	602	129	646	703	778	237	970	730	443	397	866	732	288	232	955	26	101	867	607	418	257	539	607	329	712	401	140	550	304	751	254	886	334	804	314	12	872	864	972	524	654	312	875	468	176	472	991	85	543	888	158	891	233	519	346	571	776	314	954	732	341	184	524	315	767
146	162	575	453	856	335	9	975	139	926	90	144	892	107	360	150	306	328	560	724	289	213	538	947	246	588	154	208	498	444	555	159	459	392	243	497	283	773	409	196	285	583	445	821	715	136	305	659	846	405	390	577	286	211	641	576	225	382	287	642	564	130	493	349	359	16	10	166	598	49	948	214	247	300	482	487	76	449	760	186	423	5	645	867	227	643	303
903	502	40	326	41	908	598	16	280	902	820	770	382	612	514	886	241	310	942	307	509	432	981	219	896	624	349	150	168	575	910	345	966	464	927	905	200	281	672	514	944	375	283	318	535	900	260	411	814	621	58	494	892	367	46	960	726	679	664	195	303	743	88	512	931	40	462	927	432	130	855	222	507	736	146	980	751	933	946	562	660	132	495	1	653	386	396	691
15	116	781	653	770	770	925	844	640	145	901	860	55	157	602	709	202	790	644	87	859	599	404	56	153	625	999	954	147	498	945	49	47	864	648	788	428	216	354	106	876	341	374	832	170	140	5	787	398	995	221	929	111	120	281	181	455	398	538	541	303	236	978	298	206	643	33	869	3	245	294	740	751	4	714	79	160	615	143	762	651	248	675	606	441	697	428	281	270
437	411	249	960	2	853	277	563	384	684	569	534	137	628	248	564	792	571	398	58	406	852	648	656	173	886	547	288	3	587	946	299	7	157	582	921	557	768	69	629	383	282	553	552	418	725	119	784	360	743	20	152	125	891	92	204	663	120	509	95	813	887	76	931	48	60	945	74	918	719	371	175	676	543	118	173	158	19	310	137	932	816	307	761	525	421	820	213	978	812
96	452	741	359	526	550	982	905	204	480	640	920	655	910	772	216	255	297	613	845	840	923	388	805	90	363	242	675	545	739	23	299	849	874	91	714	302	706	94	55	989	652	549	126	832	882	165	221	709	429	111	114	229	929	228	933	961	564	994	106	591	249	895	458	260	204	564	215	71	133	200	218	869	736	648	473	302	107	168	829	343	639	256	649	170	373	297	54	133	350	315
153	403	541	326	753	646	420	632	517	818	842	263	322	131	592	104	715	814	13	893	982	413	852	799	363	9	906	248	3	216	909	206	380	108	309	10	875	690	857	232	489	407	97	198	156	198	113	758	912	332	546	291	34	816	312	728	425	810	152	536	442	687	207	880	671	363	953	187	25	607	678	98	384	292	633	465	768	372	568	886	630	273	384	925	984	511	969	838	4	884	953	436
100	39	794	285	440	20	350	987	102	623	130	229	437	828	43	479	312	127	287	838	156	494	545	351	183	32	296	187	866	339	605	170	610	301	390	343	741	109	461	686	214	9	35	771	991	479	213	36	922	571	875	561	625	683	466	991	530	828	550	101	115	674	707	1	381	761	274	522	792	523	838	953	371	738	175	543	95	729	164	983	525	839	703	822	727	124	628	41	895	383	631	841	232
235	871	294	101	522	934	632	263	233	556	800	603	846	2	82	852	48	351	969	15	579	491	206	570	865	958	480	928	532	340	442	790	772	125	622	697	324	507	541	688	388	92	173	226	409	902	688	734	781	947	619	79	677	523	694	337	887	584	434	776	535	755	558	61	970	394	373	116	29	394	338	580	289	898	369	460	588	989	567	108	777	349	463	763	862	906	580	432	414	215	601	504	74	869
485	465	473	177	207	98	550	253	148	94	333	133	156	789	411	128	949	337	327	833	123	220	171	821	859	828	653	444	181	376	292	485	936	356	295	673	706	168	688	332	895	488	118	902	460	802	153	348	588	276	250	288	197	117	262	492	255	773	222	493	479	485	337	802	800	129	967	712	683	213	2	7	456	121	497	421	472	226	662	146	677	862	318	70	171	347	656	287	640	314	291	710	437	323	104
896	310	647	555	918	354	167	159	523	385	157	916	768	419	290	844	354	329	10	601	484	166	267	771	390	183	143	886	433	609	828	252	890	563	500	87	926	351	167	216	93	691	97	690	890	976	485	995	896	192	734	896	133	361	961	638	775	506	157	937	355	903	190	59	158	365	807	741	456	615	991	937	902	99	904	345	250	31	369	479	957	795	11	620	243	122	147	415	345	608	332	587	78	278	446	438
593	56	695	267	174	207	860	162	959	85	346	468	301	123	671	630	191	305	969	759	830	314	330	448	807	441	270	270	637	154	692	123	37	194	266	302	500	168	744	145	156	993	27	203	860	6	733	9	457	553	688	524	491	147	537	905	836	445	666	939	570	149	983	356	869	798	783	391	741	37	267	269	508	254	351	844	200	841	361	122	873	497	952	355	534	346	794	489	175	707	915	925	738	781	323	180	658
985	687	561	604	498	577	357	158	284	585	983	882	723	310	480	259	447	566	587	700	252	734	411	943	362	111	91	453	954	794	9	306	860	600	274	156	854	287	691	739	903	303	116	347	848	211	800	857	471	328	22	626	967	628	876	556	325	377	234	431	144	77	750	690	421	183	738	165	609	302	860	440	827	394	453	604	243	397	833	887	417	856	35	598	287	590	201	149	12	829	282	468	733	464	846	687	183	152
197	573	739	669	168	605	300	456	940	672	116	182	552	541	316	287	747	694	512	93	237	504	414	362	341	18	783	459	768	582	934	564	317	747	483	29	432	116	495	454	384	781	935	436	663	419	316	481	870	124	753	892	286	222	899	844	48	875	114	987	498	835	237	566	126	181	400	571	451	446	933	136	859	164	652	188	936	509	881	185	656	227	751	616	542	887	793	448	379	378	371	283	631	232	276	59	311	869	818
